Iteration 1: 
TP: 395635 
FP: 160517 
TN: 1596250 
FN: 207478
Accuracy: 0.8440619862026882
Iteration 2: 
TP: 807637 
FP: 449222 
TN: 3108367 
FN: 274769
Accuracy: 0.8439672887578543
Iteration 3: 
TP: 1055772 
FP: 613151 
TN: 3863171 
FN: 357869
Accuracy: 0.835139881184313


Final Accuracy: 0.835139881184313
