Iteration 1: 
TP: 1677943 
FP: 1225845 
TN: 6786717 
FN: 152101
Accuracy: 0.8600019141272138


Final Accuracy: 0.8600019141272138
